# Blender v3.0.0 OBJ File: ''
# www.blender.org
o Cube_Cube.001
v -0.110352 -0.170680 0.161836
v 0.115707 -0.231175 -0.025881
v 0.026404 0.083146 0.244723
v 0.252462 0.022651 0.057006
v -0.252462 -0.022651 -0.057006
v -0.026404 -0.083146 -0.244723
v -0.115707 0.231175 0.025881
v 0.110352 0.170680 -0.161836
vn 0.4737 -0.4934 0.7295
vn -0.4737 0.4934 -0.7295
vn -0.4559 -0.8461 -0.2763
vn -0.7535 0.2017 0.6257
vn 0.7535 -0.2017 -0.6257
vn 0.4559 0.8461 0.2763
s off
usemtl ground
f 2//1 3//1 1//1
f 8//2 5//2 7//2
f 6//3 1//3 5//3
f 7//4 1//4 3//4
f 4//5 6//5 8//5
f 4//6 7//6 3//6
f 2//1 4//1 3//1
f 8//2 6//2 5//2
f 6//3 2//3 1//3
f 7//4 5//4 1//4
f 4//5 2//5 6//5
f 4//6 8//6 7//6
o Cube.001_Cube.002
v 0.438989 -0.149782 0.125155
v 0.388462 -0.066324 0.011217
v 0.305615 -0.217783 0.134490
v 0.255088 -0.134325 0.020553
v 0.485448 -0.254235 0.028041
v 0.434921 -0.170777 -0.085897
v 0.352074 -0.322237 0.037377
v 0.301547 -0.238779 -0.076561
vn -0.3097 0.6964 0.6474
vn -0.8892 -0.4533 0.0622
vn 0.3097 -0.6964 -0.6474
vn 0.8892 0.4533 -0.0622
vn 0.3368 -0.5564 0.7596
vn -0.3368 0.5564 -0.7596
s off
usemtl ground
f 10//7 11//7 9//7
f 12//8 15//8 11//8
f 16//9 13//9 15//9
f 14//10 9//10 13//10
f 15//11 9//11 11//11
f 12//12 14//12 16//12
f 10//7 12//7 11//7
f 12//8 16//8 15//8
f 16//9 14//9 13//9
f 14//10 10//10 9//10
f 15//11 13//11 9//11
f 12//12 10//12 14//12
o Cube.002_Cube.003
v -0.100605 0.456210 -0.070069
v -0.147183 0.315653 -0.046104
v -0.221907 0.508522 0.000990
v -0.268485 0.367966 0.024954
v -0.025662 0.453524 0.059840
v -0.072241 0.312967 0.083805
v -0.146964 0.505837 0.130899
v -0.193542 0.365280 0.154864
vn -0.4996 0.0179 -0.8661
vn -0.8087 0.3488 0.4737
vn 0.4996 -0.0179 0.8661
vn 0.8087 -0.3488 -0.4737
vn 0.3105 0.9370 -0.1598
vn -0.3105 -0.9370 0.1598
s off
usemtl ground
f 18//13 19//13 17//13
f 20//14 23//14 19//14
f 24//15 21//15 23//15
f 22//16 17//16 21//16
f 23//17 17//17 19//17
f 20//18 22//18 24//18
f 18//13 20//13 19//13
f 20//14 24//14 23//14
f 24//15 22//15 21//15
f 22//16 18//16 17//16
f 23//17 21//17 17//17
f 20//18 18//18 22//18
