# Blender v3.0.0 OBJ File: ''
# www.blender.org
o Cube_Cube.001
v -0.109407 -0.034634 0.233089
v -0.101906 -0.238621 0.013241
v 0.180120 0.027645 0.185182
v 0.187622 -0.176341 -0.034666
v -0.187622 0.176341 0.034666
v -0.180120 -0.027645 -0.185182
v 0.101906 0.238621 -0.013241
v 0.109407 0.034634 -0.233089
vn 0.2607 -0.7033 0.6614
vn -0.2607 0.7033 -0.6614
vn -0.9651 -0.2076 0.1597
vn -0.0250 0.6800 0.7328
vn 0.0250 -0.6800 -0.7328
vn 0.9651 0.2076 -0.1597
s off
usemtl ground
f 2//1 3//1 1//1
f 8//2 5//2 7//2
f 6//3 1//3 5//3
f 7//4 1//4 3//4
f 4//5 6//5 8//5
f 4//6 7//6 3//6
f 2//1 4//1 3//1
f 8//2 6//2 5//2
f 6//3 2//3 1//3
f 7//4 5//4 1//4
f 4//5 2//5 6//5
f 4//6 8//6 7//6
o Cube.001_Cube.002
v 0.438989 -0.301564 0.049647
v 0.388462 -0.204766 0.152492
v 0.305615 -0.298336 -0.018917
v 0.255088 -0.201538 0.083928
v 0.485448 -0.187023 -0.035335
v 0.434921 -0.090225 0.067511
v 0.352074 -0.183795 -0.103898
v 0.301547 -0.086997 -0.001053
vn -0.3097 -0.7636 0.5665
vn -0.8892 0.0215 -0.4571
vn 0.3097 0.7636 -0.5665
vn 0.8892 -0.0215 0.4571
vn 0.3368 -0.6453 -0.6856
vn -0.3368 0.6453 0.6856
s off
usemtl ground
f 10//7 11//7 9//7
f 12//8 15//8 11//8
f 16//9 13//9 15//9
f 14//10 9//10 13//10
f 15//11 9//11 11//11
f 12//12 14//12 16//12
f 10//7 12//7 11//7
f 12//8 16//8 15//8
f 16//9 14//9 13//9
f 14//10 10//10 9//10
f 15//11 13//11 9//11
f 12//12 10//12 14//12
o Cube.002_Cube.003
v -0.063170 -0.326948 0.006096
v -0.116010 -0.434110 -0.084591
v -0.199677 -0.310347 0.066016
v -0.252516 -0.417510 -0.024672
v -0.030399 -0.430585 0.109466
v -0.083238 -0.537747 0.018779
v -0.166906 -0.413984 0.169386
v -0.219745 -0.521147 0.078699
vn -0.2185 0.6909 -0.6891
vn -0.9100 0.1107 0.3995
vn 0.2185 -0.6909 0.6891
vn 0.9100 -0.1107 -0.3995
vn 0.3523 0.7144 0.6046
vn -0.3523 -0.7144 -0.6046
s off
usemtl ground
f 18//13 19//13 17//13
f 20//14 23//14 19//14
f 24//15 21//15 23//15
f 22//16 17//16 21//16
f 23//17 17//17 19//17
f 20//18 22//18 24//18
f 18//13 20//13 19//13
f 20//14 24//14 23//14
f 24//15 22//15 21//15
f 22//16 18//16 17//16
f 23//17 21//17 17//17
f 20//18 18//18 22//18
